168
786
270
901
156
811
214
880
426
151
375
32
198
611
694
331
718
429
696
772
143
549
131
7
95
819
664
850
492
645
561
11
782
182
912
938
992
477
817
418
627
544
801
176
154
846
858
223
626
906
346
768
454
829
126
901
647
141
102
138
137
14
149
918
195
412
207
187
888
24
956
866
919
108
393
424
305
251
998
930
156
343
49
961
171
174
861
817
314
314
307
450
327
455
719
522
218
926
60
105
301
15
322
219
474
714
642
778
964
639
59
471
333
107
432
504
280
644
672
945
958
978
394
284
784
112
157
1
37
216
457
337
582
778
907
55
492
548
184
807
538
242
278
223
348
61
726
979
56
749
923
13
79
668
649
862
132
157
863
520
725
319
209
306
449
115
713
292
15
896
98
904
490
727
126
189
787
203
520
195
952
794
207
30
462
207
243
945
716
457
464
440
128
672
745
576
139
809
867
153
57
964
56
546
43
534
86
181
736
605
375
39
399
-50
934
420
860
140
663
804
855
471
619
646
598
643
391
173
781
551
39
285
607
355
692
504
749
225
590
929
313
194
304
351
592
237
771
803
728
785
958
935
255
929
580
853
571
322
377
351
873
768
987
831
474
678
335
222
903
276
150
215
821
805
917
765
41
687
567
121
823
877
55
430
805
634
282
375
308
10
77
532
777
63
362
250
740
48
471
994
675
621
208
496
777
125
260
818
163
826
290
338
54
344
767
858
329
400
584
988
409
660
519
186
74
881
435
814
280
258
807
955
230
367
450
6
843
709
175
357
886
464
694
940
159
460
149
840
859
733
827
620
392
698
805
818
930
591
631
209
200
789
163
429
507
964
435
701
672
961
58
910
777
103
201
935
915
349
126
125
81
305
744
825
2
900
642
931
-48
491
624
491
42
764
654
471
623
617
257
323
641
217
732
902
345
835
102
632
749
802
757
873
883
413
617
59
766
516
52
696
358
27
539
400
142
192
222
764
160
478
439
152
46
170
53
743
4
506
374
104
308
130
977
542
895
945
952
660
812
3
708
522
381
246
273
522
789
494
638
948
323
76
452
720
245
504
462
601
10
835
704
669
317
32
210
563
328
161
222
140
515
929
661
895
526
933
768
314
778
405
262
100
480
65
171
77
568
633
677
929
819
732
597
487
116
158
49
443
318
271
934
184
551
594
78
77
878
198
390
655
602
3
106
82
67
629
510
987
261
186
267
431
269
216
270
736
373
318
179
43
940
112
578
843
58
656
271
935
205
12
942
806
367
399
239
785
27
748
771
639
285
390
422
906
605
691
641
329
360
819
723
652
283
301
494
340
308
764
626
512
127
919
669
493
670
908
278
48
655
400
687
292
141
460
197
97
150
189
426
861
8
500
512
642
-36
800
357
333
459
472
310
322
599
581
991
91
250
898
720
297
904
472
335
547
612
794
743
709
295
932
134
156
291
985
667
284
137
24
616
595
495
277
917
93
857
907
536
106
156
607
755
59
78
89
606
690
235
700
398
529
983
883
36
625
867
703
908
355
78
523
950
924
800
218
369
8
124
904
466
631
862
220
689
940
660
646
629
246
346
378
775
680
612
810
305
478
864
212
185
293
87
134
217
238
351
585
245
826
840
710
456
701
281
496
992
941
142
620
538
839
349
312
518
960
474
174
790
689
386
974
982
824
107
550
413
809
486
657
986
325
719
441
377
351
288
369
643
781
340
181
619
689
492
489
-9
1000
317
662
789
358
399
762
691
574
220
240
986
28
725
995
365
401
713
157
129
415
445
849
58
225
541
238
196
229
81
36
580
398
697
369
107
448
130
797
21
350
388
359
729
112
353
94
864
417
250
992
831
46
193
888
271
733
125
818
313
206
853
892
955
901
260
413
700
742
209
73
91
596
431
171
59
783
616
922
199
218
265
381
263
457
269
885
189
745
54
853
302
906
745
608
159
4
20
858
745
228
930
187
175
360
710
233
494
325
506
44
542
771
425
157
579
45
41
120
789
95
972
91
352
716
50
510
72
70
368
816
649
297
355
824
9
64
408
502
388
914
546
282
36
970
438
614
366
830
85
154
276
57
596
980
124
646
489
195
67
208
363
715
857
717
890
865
780
298
718
519
563
615
152
598
936
941
563
301
771
1000
455
398
56
402
377
531
399
866
726
465
425
88
532
281
156
773
497
935
70
215
805
984
829
957
933
765
897
496
65
19
847
871
417
902
273
145
432
671
362
509
488
787
596
371
67
751
143
564
37
213
130
194
548
958
502
481
74
750
328
491
769
174
361
537
427
985
681
210
8
43
719
847
181
666
217
247
769
359
162
157
923
643
350
471
601
851
303
26
601
630
516
721
803
229
609
581
565
289
790
924
683
508
770
863
174
986
462
294
697
975
450
619
618
800
89
570
2
743
947
954
372
463
26
526
43
634
106
959
275
896
883
957
403
652
172
928
638
633
221
334
959
671
304
576
822
745
497
175
487
444
481
859
258
506
736
300
140
842
610
414
737
492
722
491
144
893
771
133
877
991
818
188
13
121
115
186
217
612
713
704
55
193
914
664
50
649
315
541
490
924
306
578
416
28
69
559
272
191
43
501
533
860
688
898
332
802
83
549
413
147
252
819
339
165
482
741
165
148
281
655
72
587
232
487
614
652
397
237
842
439
737
375
650
424
272
333
578
706
881
342
853
484
513
543
1000
994
283
165
494
916
171
565
502
754
403
467
406
799
703
599
589
792
325
590
215
948
922
144
654
155
486
858
638
998
752
990
343
387
506
836
302
676
752
803
429
154
269
186
304
323
137
892
114
461
833
681
761
107
824
766
261
309
623
250
658
726
239
1
112
96
188
413
771
940
567
552
93
835
89
397
510
577
640
623
38
825
655
150
931
479
915
191
139
889
792
149
614
383
149
78
478
688
490
601
627
57
504
72
243
592
820
104
169
811
79
558
635
733
707
565
563
973
107
54
861
251
202
826
633
702
903
110
389
745
710
368
153
565
439
747
157
258
851
677
420
929
586
55
661
644
971
576
616
430
629
476
680
830
653
312
531
556
773
271
652
835
638
804
399
428
550
555
37
400
583
457
680
168
863
693
811
833
268
426
614
896
253
293
725
258
956
607
813
729
229
816
563
219
619
961
646
168
868
35
920
802
491
599
970
353
291
132
537
558
910
151
805
514
795
881
771
103
839
935
831
68
750
745
286
368
57
283
888
276
317
159
78
159
757
399
511
400
530
400
309
439
902
114
953
48
346
75
150
185
10
332
252
759
76
889
479
133
171
366
408
840
524
837
998
632
235
861
383
765
612
44
555
513
509
859
912
854
934
62
38
943
393
641
701
821
881
179
953
52
896
712
243
771
549
592
755
783
452
137
899
63
180
454
927
688
664
191
894
597
252
931
539
996
924
592
816
804
122
120
207
370
184
449
140
732
41
894
866
844
31
765
259
562
570
537
602
233
727
495
182
330
777
720
326
700
663
493
856
137
965
62
506
148
863
645
231
255
539
448
98
921
564
708
834
485
245
435
718
971
281
899
653
58
970
978
109
985
822
316
121
138
378
626
637
592
270
219
846
160
667
295
432
582
3
266
67
599
700
136
569
333
386
221
742
-36
355
550
850
691
724
518
811
213
895
436
850
838
58
420
683
217
86
329
649
20
331
266
86
281
317
221
202
649
606
774
390
312
676
592
3
399
109
813
963
355
601
812
192
658
-72
232
226
226
669
554
226
688
237
491
125
517
808
697
718
456
302
844
198
966
519
789
968
917
897
132
879
603
732
43
794
741
626
371
967
646
924
192
686
512
683
162
381
-46
842
859
98
297
160
941
494
477
811
634
444
727
882
928
958
484
659
352
629
752
329
999
718
326
275
261
11
786
295
173
166
136
31
616
785
542
908
630
19
719
264
814
797
145
741
106
629
752
809
609
503
137
608
220
463
234
832
825
19
-18
127
997
537
614
379
504
398
273
763
28
291
481
291
104
630
435
197
735
415
948
544
376
450
32
983
21
846
568
204
671
938
330
19
474
944
398
329
693
670
92
720
312
924
10
767
553
797
963
640
563
262
535
938
63
918
272
435
764
839
639
434
129
320
452
602
263
201
283
956
222
374
27
533
649
389
652
202
537
966
193
99
228
79
389
642
996
12
77
759
203
715
192
331
34
996
284
649
196
566
956
418
291
982
302
940
370
953
493
258
919
685
357
498
115
97
139
110
460
215
221
662
281
764
992
667
759
628
315
307
193
622
76
836
955
377
775
677
330
267
934
600
303
642
97
769
738
235
878
198
802
98
211
82
214
555
748
972
182
414
630
726
387
705
561
342
82
335
370
763
953
303
362
607
297
810
375
34
396
605
583
197
702
794
631
267
700
378
591
881
144
220
606
530
925
167
223
358
853
592
120
806
247
833
764
543
994
139
928
389
743
511
938
796
656
568
63
355
945
653
587
440
224
544
970
148
710
544
857
915
136
328
72
382
512
835
276
505
325
203
894
67
65
183
215
720
750
277
426
694
281
364
486
504
908
455
4
969
350
860
883
485
540
306
218
51
141
493
556
465
48
801
884
112
983
98
184
732
726
961
777
6
325
262
861
584
68
216
552
418
428
787
254
967
92
824
17
232
668
924
49
715
724
932
179
58
29
362
789
106
322
918
111
998
531
323
581
599
539
485
368
318
271
973
284
714
796
652
298
816
576
346
882
299
629
60
357
9
773
497
114
95
766
576
444
297
898
377
247
788
213
966
105
835
938
740
548
86
392
845
253
967
542
134
265
170
194
973
530
966
822
643
412
587
218
208
235
116
584
481
255
796
446
360
982
736
99
529
173
490
726
425
456
267
910
73
789
103
397
318
421
218
961
184
157
530
743
391
645
326
224
900
473
21
611
454
108
61
335
280
903
60
56
710
678
966
134
818
420
531
136
192
100
448
376
608
977
118
351
974
796
574
225
620
946
187
426
54
247
112
685
501
171
741
211
200
58
344
18
477
874
505
669
326
304
396
933
280
865
283
605
660
208
181
632
154
367
57
559
966
520
243
466
690
335
676
241
392
20
258
221
245
762
241
922
65
636
207
697
500
841
301
512
49
834
143
554
200
551
464
165
70
58
631
111
393
658
351
136
29
609
708
626
722
948
547
139
583
105
835
435
946
487
946
346
320
440
899
872
990
714
36
411
771
18
521
515
28
871
651
56
831
710
33
905
658
580
43
592
684
877
26
981
715
323
326
387
762
224
258
103
937
645
513
60
663
385
574
42
608
576
97
438
286
130
342
943
61
736
886
96
612
264
77
679
586
402
65
700
978
322
802
266
966
667
677
980
51
251
21
658
826
470
448
111
951
141
405
363
877
291
458
840
554
886
870
-5
491
640
934
190
969
607
344
586
925
10
263
256
412
513
629
422
338
450
869
801
400
361
205
114
589
847
571
781
752
809
650
243
448
936
784
768
894
127
353
818
488
967
426
900
479
406
321
169
855
541
321
606
253
877
719
194
724
641
974
475
449
975
69
248
262
853
15
156
331
720
325
171
686
102
70
517
507
742
37
361
634
357
966
238
233
36
431
308
677
756
783
125
83
203
725
344
407
91
499
738
810
176
260
848
277
329
716
784
422
752
496
407
460
462
644
692
849
427
1000
525
182
134
2
264
336
726
960
95
816
458
832
978
985
91
825
262
771
892
397
544
643
892
950
102
705
945
145
554
371
144
78
905
629
79
168
317
156
127
411
972
937
594
949
273
684
125
534
806
368
282
701
10
526
650
463
230
594
959
135
317
103
565
221
83
995
740
399
151
867
809
474
155
402
774
427
437
250
313
594
617
594
294
626
471
943
440
53
889
398
187
205
852
103
777
935
98
516
685
600
734
494
73
888
895
846
667
332
95
979
925
711
924
571
688
395
513
479
447
753
876
985
309
80
88
85
366
537
953
50
136
686
543
560
926
790
405
592
473
851
922
749
913
197
319
952
943
184
430
389
936
657
726
597
736
165
33
453
701
985
503
836
671
397
395
948
186
151
539
10
353
812
759
265
8
429
568
951
612
997
691
900
5
416
496
93
580
528
545
632
865
399
819
887
796
565
834
333
715
724
343
419
535
453
35
542
881
602
844
845
950
535
744
955
302
591
399
234
118
943
865
334
694
684
220
489
248
53
173
315
128
867
85
662
319
120
556
552
721
399
396
23
933
491
329
587
81
727
820
550
21
36
884
714
719
103
554
319
508
727
985
635
945
69
649
616
188
204
167
261
954
914
635
887
756
963
825
836
689
644
385
709
679
268
775
750
723
328
420
230
406
404
216
351
824
864
966
12
419
484
624
373
749
258
611
504
220
435
339
260
430
75
320
460
343
94
209
417
422
980
646
179
383
213
529
207
429
846
570
847
329
193
571
77
802
533
932
373
319
270
632
748
345
951
560
39
45
768
455
818
748
452
996
482
664
877
40
444
722
609
643
51
153
213
479
306
98
411
678
416
32
309
516
728
612
75
766
8
194
220
825
293
23
172
127
687
48
166
130
122
127
124
172
631
337
2
937
434
764
966
201
796
627
716
523
238
142
641
245
336
212
421
980
235
944
106
273
992
272
754
113
750
878
636
380
214
989
668
999
753
634
551
900
260
619
774
849
760
414
445
447
978
865
427
212
808
532
484
151
155
237
615
904
114
602
636
679
591
303
29
695
288
580
946
899
198
71
99
309
837
543
756
814
407
534
25
567
65
860
717
572
96
684
475
562
285
462
240
227
117
621
273
404
552
218
655
749
641
753
409
477
296
516
290
54
49
666
972
466
525
689
389
620
724
215
533
8
677
125
587
793
745
859
548
296
429
202
396
69
307
156
545
954
672
186
359
72
851
331
537
375
371
277
346
94
492
879
101
168
3
39
960
99
898
859
746
678
413
141
746
719
296
642
24
319
827
382
391
677
64
279
403
434
556
748
527
47
978
980
566
332
18
525
430
267
383
175
944
147
667
41
217
963
682
240
633
860
974
23
888
37
654
290
823
561
390
349
607
367
680
172
699
50
48
480
316
782
655
612
929
321
652
145
635
686
737
268
545
710
642
785
98
295
74
272
207
815
973
813
534
652
336
232
701
735
711
369
517
717
980
797
38
631
293
24
668
29
291
213
90
285
997
540
931
422
811
138
589
783
302
122
435
638
705
487
372
415
207
240
484
186
36
873
169
681
896
836
709
539
400
799
823
748
338
753
522
148
242
110
283
544
231
717
533
287
555
904
53
762
496
536
299
883
408
819
563
656
7
272
194
758
422
368
506
111
120
27
610
714
488
892
257
70
960
789
356
515
44
408
628
891
296
278
774
703
97
336
358
455
959
903
212
732
270
69
194
742
447
804
455
934
695
63
355
7
851
62
873
246
470
852
137
117
129
262
171
577
597
881
31
908
783
595
991
53
663
185
146
110
988
600
395
34
14
750
392
864
811
264
461
632
115
597
748
244
858
919
172
807
799
203
66
933
149
408
985
811
592
482
272
931
81
667
965
446
416
356
309
578
972
122
210
86
70
309
681
280
579
853
438
377
407
503
662
555
910
998
365
854
480
637
784
912
655
100
358
422
808
18
999
779
139
560
864
209
221
545
488
799
749
277
528
155
779
189
709
40
186
425
893
17
413
29
929
67
128
286
488
935
303
839
713
794
-64
398
929
2
970
825
841
769
573
117
648
727
247
836
787
638
373
211
883
390
976
911
318
42
390
955
882
325
257
720
389
402
469
669
755
439
493
595
559
65
63
206
143
661
393
281
299
765
492
533
154
467
443
823
860
832
777
741
508
386
460
249
787
281
917
542
719
410
488
277
826
903
482
321
915
226
601
565
990
444
97
496
262
891
318
122
75
447
214
582
184
26
182
322
306
99
215
24
860
55
652
685
309
485
357
223
710
958
788
699
753
884
546
15
775
216
488
201
14
53
134
197
78
316
870
383
414
85
758
625
139
761
661
799
245
18
21
306
327
808
5
79
44
902
445
170
117
284
370
130
337
503
678
414
818
548
149
583
984
258
207
474
19
868
272
263
237
292
569
563
452
925
641
495
826
86
16
295
721
385
776
57
239
454
823
409
353
323
991
336
580
550
809
598
769
80
861
5
723
781
567
174
57
559
20
234
996
35
528
717
771
304
773
10
109
947
418
813
269
760
148
849
309
308
798
429
739
10
433
461
790
351
987
-34
846
910
6
432
905
393
959
621
515
614
746
524
74
44
293
886
313
53
385
513
713
692
310
494
430
320
926
243
461
629
581
659
538
586
90
794
330
400
767
845
366
512
720
439
907
13
677
571
417
61
83
481
105
745
974
886
416
252
128
228
880
708
238
769
646
327
562
327
79
328
171
444
191
891
234
98
255
910
668
23
323
103
503
427
199
829
312
966
432
792
193
663
499
431
431
496
109
344
823
187
24
993
982
214
235
568
663
841
829
683
863
151
137
366
929
335
546
593
-28
300
977
384
844
639
234
274
421
730
735
116
904
273
139
248
255
353
483
822
367
323
650
49
538
153
537
903
81
871
800
673
522
776
408
718
766
642
343
538
723
77
653
626
350
792
873
956
496
707
777
862
382
778
263
919
282
799
173
363
22
972
387
895
747
795
612
864
436
955
401
158
383
53
135
732
844
7
687
691
66
815
553
447
945
167
717
226
965
889
940
338
212
327
585
310
121
196
173
908
502
925
417
885
977
551
968
173
557
7
863
974
173
767
420
117
933
488
695
250
728
634
939
939
312
523
248
784
719
772
691
572
696
107
456
673
657
776
197
566
782
411
539
954
178
311
423
462
798
469
711
878
454
2
816
766
524
64
901
242
835
592
166
883
698
621
555
707
748
103
624
529
513
162
835
42
824
609
504
974
77
566
851
882
567
666
999
443
81
900
36
268
491
201
150
540
822
56
598
921
158
221
450
22
383
636
416
206
244
271
531
672
836
381
553
755
47
552
549
479
451
584
746
293
785
247
832
958
302
782
878
811
2
327
833
736
962
600
294
557
870
824
228
57
205
781
811
603
684
711
81
134
295
827
778
79
73
961
36
727
742
265
537
744
592
721
831
905
320
124
462
189
948
41
246
504
821
408
106
856
119
186
341
413
364
118
843
437
79
-15
878
163
172
142
51
915
85
772
98
342
443
221
155
632
520
195
229
375
368
988
480
223
106
666
564
870
381
33
64
817
111
293
331
283
435
382
549
871
505
646
564
947
219
718
930
90
265
510
465
984
498
944
206
955
961
121
177
342
154
240
510
616
533
193
250
319
926
151
541
430
148
105
728
366
174
10
808
790
519
272
773
368
567
331
675
880
451
203
573
956
442
82
924
326
626
173
996
551
323
537
332
471
993
60
188
518
421
995
308
291
618
80
11
185
410
685
416
213
887
988
168
680
421
91
358
47
616
353
597
938
241
281
760
585
692
300
103
112
294
410
402
264
841
412
800
251
448
215
463
686
202
982
718
622
73
75
20
40
779
969
977
372
249
89
956
940
388
58
51
33
819
804
296
660
568
95
910
15
661
724
53
862
705
770
836
129
196
855
168
326
823
497
697
71
585
5
362
324
62
412
356
233
568
4
892
135
450
153
501
111
876
553
324
932
674
159
61
221
14
580
547
188
428
595
611
364
951
972
687
13
736
395
245
303
398
488
789
199
640
289
-35
309
515
194
633
446
867
143
858
88
508
790
986
696
217
932
658
581
883
981
267
247
716
13
843
370
410
682
510
961
321
799
269
835
992
253
632
210
396
842
649
903
631
986
950
847
918
607
427
152
940
46
750
7
58
944
729
820
625
238
780
945
36
400
131
379
653
114
589
400
955
237
654
585
223
604
784
492
562
562
643
501
607
744
860
665
687
588
836
663
825
615
959
213
14
89
591
18
202
179
417
509
416
423
445
990
26
228
481
939
790
475
792
396
218
651
412
256
590
247
270
414
213
228
626
227
668
569
596
869
747
365
729
514
787
174
855
164
401
335
102
542
161
893
290
730
895
701
337
484
300
606
250
512
185
875
90
852
795
38
721
894
402
801
759
540
974
614
703
375
300
804
268
461
49
557
190
295
610
527
779
909
484
380
772
669
606
214
520
401
603
592
294
356
393
52
895
366
17
597
92
317
752
360
777
152
916
318
447
525
844
577
785
328
956
909
348
913
474
867
313
76
459
606
783
851
-75
10
677
-22
216
26
273
660
342
376
19
470
880
286
788
678
163
983
606
299
662
913
207
9
825
32
876
138
459
686
95
241
536
104
917
103
482
541
114
175
269
132
997
148
418
784
825
932
118
430
230
780
342
789
140
166
820
367
655
631
52
750
223
939
205
492
394
38
32
507
213
652
639
209
151
408
344
327
339
461
756
920
592
449
708
732
967
880
98
973
510
502
722
732
440
279
223
833
316
607
340
880
610
330
440
761
737
783
87
427
596
195
698
539
995
-43
406
270
313
285
720
286
146
221
359
229
660
637
452
845
305
410
184
184
371
513
976
131
601
758
570
379
705
764
76
244
110
-77
833
865
423
469
936
708
614
508
418
843
520
407
646
364
711
407
899
246
777
411
221
260
363
331
829
93
387
944
520
630
53
353
847
475
821
782
534
787
290
952
629
161
358
626
524
420
32
422
17
160
184
590
419
546
920
247
990
658
190
509
288
595
861
486
69
34
619
955
820
908
258
800
420
967
425
943
-62
386
808
364
754
967
899
343
738
796
614
984
785
272
526
294
911
120
506
396
540
539
14
846
710
274
103
509
693
421
285
636
158
444
351
912
411
602
606
500
397
220
483
182
491
360
475
753
831
980
148
723
871
513
568
580
786
23
441
831
443
77
818
953
521
520
864
283
121
469
782
518
40
616
699
882
976
525
634
158
856
133
880
726
646
800
658
783
174
450
613
616
526
430
920
46
950
783
328
70
604
461
587
643
77
637
525
52
161
510
209
17
643
441
94
288
240
751
422
413
552
35
380
78
464
300
475
765
82
155
187
37
615
125
680
691
762
556
742
274
417
303
290
59
743
736
698
334
838
120
746
390
506
125
467
321
776
293
86
210
447
272
246
62
748
277
752
-49
509
184
846
135
601
500
424
659
594
511
709
927
349
828
672
738
333
148
556
653
924
848
90
133
647
713
730
708
461
7
811
321
542
8
455
142
507
231
801
100
741
861
26
89
688
49
178
372
197
733
376
472
933
818
956
579
530
37
638
342
43
448
15
585
456
469
78
314
51
230
414
144
90
791
584
129
840
762
852
388
846
228
211
778
397
166
708
278
202
345
620
597
145
986
533
952
806
610
265
857
840
30
1000
281
821
583
410
12
696
261
399
542
840
609
671
236
126
379
514
327
75
485
275
219
470
807
170
275
769
435
483
960
816
482
240
636
417
1
999
112
262
397
5
101
357
676
337
834
406
202
513
480
686
787
699
507
946
220
781
66
6
264
25
822
97
616
809
865
617
808
977
878
556
333
330
913
8
18
746
413
219
258
245
256
397
295
114
342
514
247
759
520
862
783
693
958
750
501
823
366
308
151
595
216
835
925
128
843
294
225
607
865
835
851
120
583
145
586
276
11
832
34
882
693
816
574
650
565
426
824
283
86
326
877
301
161
153
428
355
447
4
961
663
190
164
782
772
660
719
47
670
550
80
551
242
247
476
244
164
902
419
446
987
745
674
287
257
179
66
963
977
421
275
639
611
438
772
734
98
491
781
119
40
212
670
282
811
145
877
974
46
295
771
384
391
796
670
999
974
735
961
950
156
236
588
118
673
360
851
122
202
983
241
241
195
262
874
5
758
750
330
156
397
100
539
787
895
209
786
221
295
98
170
802
333
110
919
358
821
122
479
22
104
71
262
650
332
488
6
90
589
335
597
985
786
135
124
33
343
261
253
990
358
774
791
43
883
62
400
703
183
230
76
286
301
690
936
984
177
941
425
117
628
21
454
413
156
577
797
850
189
49
191
898
175
982
940
57
43
339
112
225
921
187
862
221
228
149
556
756
90
981
873
69
353
326
833
860
254
630
62
442
30
252
339
204
233
631
613
627
321
724
203
241
262
417
813
842
565
369
597
6
701
469
74
405
794
259
265
399
888
326
192
269
577
883
473
162
513
437
140
833
512
343
426
125
759
238
966
675
958
563
681
10
31
754
415
177
12
679
927
251
356
119
520
932
1
344
445
513
780
585
697
291
279
122
767
389
712
733
63
21
295
743
31
677
849
445
205
212
475
132
815
830
250
686
113
250
29
558
762
160
494
810
802
124
932
568
512
995
652
926
15
946
21
45
975
221
841
179
784
315
310
598
144
559
283
609
160
663
166
273
174
11
83
327
134
366
247
997
360
898
274
726
196
294
771
170
866
963
348
650
278
10
247
773
568
882
381
80
896
898
352
70
908
434
748
393
151
994
389
510
244
663
588
439
308
710
608
174
672
955
823
949
964
421
74
884
302
454
963
198
352
666
619
611
452
718
4
602
712
392
464
955
406
51
745
714
760
352
239
783
306
61
732
622
481
157
857
135
610
171
684
313
836
654
924
287
371
279
889
-12
434
22
704
740
428
754
484
493
865
187
731
647
845
143
378
466
975
886
674
461
848
844
144
160
31
149
435
670
520
713
910
305
735
613
-46
397
514
366
232
358
230
419
440
876
263
582
606
80
908
843
753
369
690
948
512
850
330
661
636
999
532
349
908
188
435
872
936
300
237
168
657
818
938
96
46
200
29
3
279
936
845
383
304
535
682
168
736
11
180
371
10
63
71
269
250
857
141
538
156
729
705
164
899
642
611
944
193
639
298
823
927
142
205
230
28
886
749
763
896
928
134
257
342
556
878
592
413
18
481
568
98
185
84
996
178
694
291
370
333
940
192
259
82
748
840
461
633
941
224
880
220
357
489
562
264
366
505
676
735
985
596
832
521
679
180
698
372
822
419
56
762
962
666
195
709
858
655
693
798
878
924
17
586
412
578
-22
850
777
82
525
511
66
120
695
586
150
874
635
522
695
53
929
808
14
595
2
74
452
9
766
601
886
42
617
824
453
547
25
582
628
549
444
46
21
138
983
522
363
970
43
410
22
972
217
388
918
571
813
721
579
931
321
816
972
289
639
424
-30
835
663
357
815
564
801
860
936
938
194
457
301
163
852
710
537
175
278
276
92
848
88
164
426
18
484
594
989
772
232
765
607
247
121
773
162
921
984
97
211
177
905
863
692
756
924
580
282
201
855
725
49
294
888
826
312
723
419
652
495
3
768
453
601
889
225
762
161
560
858
371
736
114
585
779
222
508
358
503
709
212
580
109
506
467
286
169
190
57
172
36
59
940
840
659
180
416
772
340
975
629
63
710
742
647
841
315
155
198
818
215
410
397
323
267
215
960
787
756
16
958
143
426
249
982
436
428
397
207
768
371
187
182
433
281
180
273
595
334
822
764
900
583
160
574
849
727
534
987
834
901
945
977
679
193
958
114
973
707
673
92
429
859
273
213
139
452
837
86
138
659
849
37
241
361
963
442
87
496
428
920
748
724
248
426
269
558
892
241
264
564
332
44
422
604
257
913
407
93
998
896
751
198
285
344
558
247
785
996
94
564
268
841
288
515
619
556
72
510
148
687
73
479
731
846
434
987
110
192
431
459
88
182
657
372
877
214
618
661
210
63
576
477
255
863
991
873
770
415
734
917
101
806
395
831
4
828
169
113
20
600
572
459
133
580
830
9
793
799
21
354
861
596
830
467
811
173
340
580
587
73
497
39
231
243
222
586
423
390
698
794
341
621
252
473
552
433
833
345
231
205
698
443
-57
801
880
909
963
404
600
542
990
25
38
380
607
281
601
192
55
343
241
848
683
214
99
508
765
531
692
109
113
897
159
555
49
390
815
11
793
767
552
134
791
942
513
397
574
466
588
628
808
180
475
842
393
925
349
158
807
393
618
919
289
128
825
689
517
639
699
309
405
602
442
547
895
955
943
820
420
882
447
579
414
273
420
806
549
121
315
355
513
933
273
153
412
97
841
929
88
891
237
844
844
31
391
739
985
685
558
756
919
357
686
332
981
105
489
530
225
804
236
89
88
509
241
499
957
81
779
396
323
16
240
167
46
630
905
382
666
814
489
936
522
174
267
503
630
756
384
207
911
971
295
350
831
536
848
788
968
627
183
291
994
774
809
391
755
713
124
421
878
964
356
400
489
975
254
118
82
989
676
344
959
971
693
790
858
892
929
177
870
463
819
863
237
627
605
991
339
728
763
569
43
471
320
531
797
573
1
878
913
676
221
871
998
913
660
855
156
940
384
26
403
202
240
639
829
845
981
519
924
96
87
967
566
406
497
362
330
849
591
242
525
163
465
522
427
-16
124
729
582
416
464
607
818
665
847
808
493
691
788
364
966
235
802
932
800
560
781
513
889
629
455
483
505
617
947
379
43
422
459
625
837
922
583
654
586
429
461
431
471
601
794
437
187
595
720
987
154
852
851
395
833
658
877
337
274
823
67
669
-40
244
525
293
433
446
227
86
384
656
899
814
478
851
959
266
37
905
338
375
411
189
578
805
21
235
33
710
508
855
776
176
450
301
820
882
98
47
320
481
54
218
294
883
420
252
149
456
509
486
183
919
26
760
723
399
994
755
108
853
961
235
381
762
887
552
996
985
950
315
465
3
884
111
886
655
714
386
110
222
223
644
140
248
403
214
998
748
320
457
601
280
692
333
394
578
884
389
914
834
55
379
188
290
489
425
944
202
162
405
776
384
49
915
984
451
481
981
199
-9
800
790
151
432
-74
481
483
825
410
718
565
676
903
971
54
91
260
894
867
555
447
29
959
222
764
359
489
747
162
969
80
712
120
869
862
551
701
696
727
462
765
643
137
668
613
542
110
224
435
328
778
-48
234
356
89
807
120
447
295
218
608
615
649
319
87
869
532
637
569
579
716
383
344
358
519
363
-64
971
413
824
194
847
151
972
432
507
60
239
978
858
885
547
818
852
196
136
938
64
20
574
985
950
289
367
645
647
237
7
969
649
830
162
848
981
485
279
839
896
869
816
754
754
714
571
605
909
58
542
325
429
467
309
379
108
27
23
106
263
382
74
264
211
587
463
543
424
93
381
319
962
548
424
67
614
346
671
522
756
564
846
184
382
506
914
841
532
289
946
147
22
371
762
584
958
224
127
733
316
859
51
629
759
475
695
372
172
717
245
927
632
91
463
14
948
728
854
480
16
152
978
37
522
739
621
831
962
99
563
629
309
966
258
67
792
304
438
963
21
683
242
4
125
704
17
72
783
223
903
799
726
880
187
247
618
159
430
931
609
344
912
918
309
169
984
452
824
774
415
196
808
656
200
932
711
568
355
493
790
258
643
867
489
182
114
459
340
895
389
301
238
300
218
899
820
201
350
644
326
116
191
133
123
390
416
185
958
771
678
99
380
672
318
868
853
783
326
545
677
67
845
266
366
414
516
538
614
866
533
940
333
723
424
456
465
840
640
774
610
669
224
989
341
541
208
545
323
886
441
351
952
637
617
669
50
132
206
16
349
738
307
682
813
730
489
277
569
128
402
530
149
625
870
841
166
78
385
840
315
178
191
266
166
807
934
216
290
140
583
639
229
889
672
393
618
160
669
539
639
70
68
787
47
290
627
212
367
364
403
681
541
593
298
706
751
231
273
41
722
855
31
303
95
54
695
65
213
716
603
203
137
22
990
183
311
616
746
29
331
149
61
871
741
358
929
492
941
553
884
14
408
914
316
854
967
11
918
531
78
872
733
214
894
74
749
556
42
494
585
372
642
645
243
735
355
523
578
295
75
461
660
834
726
976
688
44
338
605
926
415
477
658
980
722
84
728
277
125
222
213
496
215
210
90
301
916
612
230
562
687
690
221
872
767
196
559
810
533
516
87
299
344
97
279
65
180
358
693
304
579
258
799
146
467
889
446
382
852
676
943
890
717
163
762
836
711
672
997
595
187
84
894
530
180
524
946
359
881
991
662
812
248
812
309
66
52
106
799
904
133
93
793
202
607
906
37
317
578
33
912
764
468
157
646
647
32
591
357
264
933
370
427
180
182
735
597
585
841
395
488
325
487
633
526
94
538
562
762
115
947
25
879
414
533
876
61
564
818
769
180
751
139
606
282
672
693
879
256
885
625
96
209
112
728
735
557
265
648
670
732
594
695
962
8
227
837
420
143
654
188
322
404
678
279
38
349
971
268
957
207
892
52
416
355
779
502
263
395
149
933
478
743
627
439
102
205
627
521
347
281
60
20
36
738
299
73
86
621
340
42
828
584
445
595
938
575
96
201
322
244
133
799
338
111
238
439
-31
315
864
311
662
496
371
681
884
108
331
308
545
952
1000
939
131
583
383
725
520
958
172
72
279
767
556
429
105
666
18
895
981
234
206
994
729
576
674
612
35
357
920
579
660
919
869
790
853
252
866
372
561
37
796
191
155
351
971
611
17
989
506
997
222
711
342
950
638
367
914
672
723
185
602
382
455
471
523
307
74
388
30
986
-16
776
825
176
931
176
498
893
192
486
398
540
707
460
233
9
97
599
922
120
322
106
722
55
912
192
578
218
265
317
247
250
93
72
777
375
599
274
267
790
112
665
681
818
476
913
826
573
863
99
692
184
556
765
239
467
956
168
684
572
484
931
173
576
354
949
302
952
575
569
93
686
585
125
855
60
389
681
984
251
131
28
435
687
792
25
153
100
544
189
-26
671
27
471
844
955
176
144
256
127
70
176
571
107
112
695
962
524
83
994
507
333
124
886
119
810
678
495
315
777
38
855
799
417
325
994
371
500
138
978
978
559
506
548
666
617
594
627
140
676
620
999
360
743
884
831
905
913
325
571
41
715
425
840
483
101
833
853
952
322
182
281
881
687
828
898
304
773
524
795
800
143
793
159
237
29
341
493
941
18
63
982
84
839
173
566
939
5
418
242
679
599
522
911
638
701
808
941
473
331
735
624
825
880
135
413
908
475
906
848
492
320
829
575
159
353
140
449
358
909
691
388
860
564
298
497
617
105
789
441
787
875
65
963
754
199
375
661
673
280
509
517
600
689
443
110
394
935
558
751
843
600
490
54
164
139
902
132
243
690
572
381
565
636
343
318
834
69
331
859
349
191
727
300
231
169
409
624
103
318
726
298
918
215
703
433
353
605
564
947
294
135
679
210
123
373
528
308
442
210
518
790
400
244
441
630
765
201
254
867
870
331
516
787
546
219
571
250
823
486
549
468
621
227
678
95
600
557
402
41
766
920
182
165
515
974
146
279
174
751
498
43
82
13
182
979
583
752
228
757
590
776
225
562
355
902
656
954
458
409
346
575
680
527
91
195
500
236
825
25
987
322
419
68
687
600
46
269
704
625
26
293
753
602
854
107
503
861
60
312
269
405
886
949
283
976
495
134
563
319
158
549
641
928
968
327
528
365
947
583
342
324
227
94
925
80
200
779
292
611
90
560
367
327
860
649
654
354
134
217
25
643
117
665
570
437
343
97
153
641
31
494
965
257
587
889
688
786
20
979
396
109
539
114
788
750
762
441
104
247
9
480
889
478
144
459
914
838
907
66
478
938
560
794
194
146
35
882
284
54
860
31
162
750
145
301
852
258
94
307
505
102
786
745
579
929
203
844
118
462
910
595
399
821
389
944
966
423
177
601
476
37
984
989
138
480
642
989
737
735
295
593
188
80
690
767
360
244
610
477
705
871
424
103
691
812
399
9
586
575
961
413
963
944
753
453
423
394
441
512
480
88
456
668
519
145
786
879
389
747
707
445
618
130
548
308
293
298
668
230
872
629
642
835
572
747
287
347
140
79
210
972
518
665
639
37
162
424
267
902
170
973
346
139
455
245
799
747
542
466
977
766
446
970
952
370
716
238
716
208
668
277
179
186
941
817
574
454
592
840
355
113
164
53
252
618
297
50
365
191
867
693
956
665
662
259
34
378
496
101
585
515
377
763
52
669
931
625
123
522
816
829
634
980
233
237
597
882
638
313
72
857
5
379
521
19
637
554
396
484
654
332
350
30
446
402
698
728
378
172
601
194
353
234
173
585
823
769
466
460
82
889
316
438
619
836
456
255
741
203
90
394
886
792
775
683
193
825
410
922
348
10
115
700
596
287
637
418
408
102
229
841
343
545
278
961
732
86
568
473
288
657
218
174
448
993
856
992
169
618
914
516
627
380
216
574
667
852
991
426
305
220
618
647
116
895
608
199
980
175
671
620
183
241
145
983
233
1000
326
401
617
239
916
596
971
-61
483
169
989
686
512
414
991
83
31
637
198
277
596
748
609
122
419
228
657
659
372
639
243
723
964
995
692
555
262
639
525
97
159
865
782
670
278
772
752
660
761
301
288
708
401
896
830
819
475
486
829
198
476
423
921
791
769
964
697
30
602
573
126
760
437
260
782
714
383
885
725
143
538
13
203
938
260
384
108
735
221
288
932
48
710
204
838
478
167
535
859
120
107
337
232
896
596
13
961
978
897
686
473
786
50
675
723
309
410
830
43
630
117
327
677
178
530
866
7
49
752
866
168
211
202
399
106
149
763
66
126
12
103
598
797
152
624
520
461
33
349
855
14
818
181
42
995
711
908
2
759
659
867
278
869
420
29
974
568
791
392
693
802
494
643
599
646
618
118
458
3
818
312
16
635
493
410
630
203
317
983
313
327
201
942
548
620
970
873
539
761
264
583
562
110
225
512
755
195
629
212
197
799
523
564
785
15
973
766
569
641
748
233
320
948
175
867
919
144
739
457
256
355
40
170
464
616
681
570
810
662
133
6
460
655
922
244
22
894
10
942
535
757
175
854
57
701
72
975
196
162
784
452
868
823
621
331
790
301
252
952
962
-73
384
957
773
39
230
17
412
124
378
705
10
486
879
215
542
931
286
869
127
799
652
578
667
826
550
349
615
850
601
566
164
984
875
288
374
104
304
785
579
33
490
588
519
720
154
412
3
439
280
129
590
283
58
256
108
607
604
75
808
204
992
323
540
218
611
913
674
266
50
252
651
891
192
169
962
345
932
964
136
564
92
725
846
501
332
306
459
935
732
619
491
75
941
30
293
903
942
318
521
343
921
171
233
464
691
195
809
622
158
296
185
602
372
383
454
703
688
913
989
771
531
479
845
823
508
489
78
802
806
598
144
727
768
377
190
458
571
350
431
80
997
616
33
368
998
487
70
37
751
59
807
633
889
3
455
397
492
884
198
297
481
341
375
600
69
917
409
991
618
840
423
615
807
455
982
156
293
404
544
43
814
702
675
702
704
482
98
195
365
647
844
846
340
218
797
408
486
206
751
104
397
173
718
555
627
51
710
920
454
253
314
267
954
989
969
9
822
418
204
186
65
399
383
756
968
180
163
454
737
265
557
485
437
626
39
64
676
748
335
130
352
1000
748
657
988
716
665
809
486
220
347
902
618
729
657
586
260
171
391
348
436
299
832
872
924
870
287
951
617
973
432
320
973
180
328
312
247
993
121
732
564
819
633
534
547
641
471
159
812
861
506
-2
247
159
338
470
434
207
757
736
176
729
168
847
53
347
175
365
945
519
837
29
434
655
13
967
553
654
437
711
465
649
569
63
159
258
532
944
816
640
680
991
721
847
190
773
545
364
489
489
882
325
869
315
979
882
-52
634
884
535
422
946
351
71
514
765
581
771
648
525
939
640
204
929
360
402
470
484
946
833
973
786
66
649
655
733
628
536
718
863
422
139
808
124
561
674
888
142
796
887
666
734
526
221
15
237
622
484
721
567
669
45
352
734
693
6
818
672
893
535
534
314
674
694
789
234
367
676
375
162
915
392
896
440
612
262
677
233
745
749
151
413
793
503
499
837
860
316
861
105
851
746
418
876
439
207
461
805
234
188
319
148
579
566
940
543
827
616
775
923
716
278
336
508
780
186
696
991
501
556
95
703
302
865
930
92
423
391
249
8
578
567
156
508
484
447
50
310
62
177
584
777
454
271
636
585
456
683
927
957
239
22
11
892
238
941
983
660
683
231
667
612
149
174
119
632
620
521
293
33
49
877
161
854
147
148
790
603
831
716
911
421
89
273
664
326
565
998
337
247
581
356
858
729
881
329
713
853
849
5
885
249
233
398
102
732
897
891
334
79
606
596
499
695
868
514
372
433
512
709
31
444
416
889
524
296
569
236
148
417
593
33
665
177
782
118
908
678
8
241
757
965
188
607
11
408
473
383
192
336
443
222
779
858
462
302
153
30
890
301
798
834
685
814
10
818
931
918
495
290
510
603
255
698
562
617
457
34
351
648
369
793
869
147
2
331
800
507
712
41
807
510
874
843
675
884
660
958
153
506
247
662
461
853
711
22
470
167
407
820
814
775
965
35
273
966
717
424
472
428
465
630
289
338
824
316
221
483
273
725
341
519
387
153
724
449
526
193
616
932
364
781
58
328
815
330
646
531
753
469
311
569
99
951
907
922
266
479
757
538
204
449
409
942
601
132
390
126
676
5
409
391
138
466
719
952
795
716
835
899
184
145
820
282
447
726
556
713
204
312
250
759
112
10
700
712
141
90
189
168
446
597
559
583
62
629
535
208
344
721
458
527
865
277
161
311
354
68
375
910
379
977
668
842
986
368
905
479
809
93
646
254
41
556
837
454
184
723
13
879
443
470
758
659
99
918
321
804
985
48
713
715
24
381
556
9
100
460
839
260
904
837
865
944
392
701
397
928
775
761
806
569
582
563
227
680
832
900
484
168
947
548
234
970
280
141
330
731
600
169
990
855
357
855
150
748
907
898
27
34
658
185
602
240
99
181
919
931
432
754
450
378
654
684
699
933
824
380
664
776
900
5
630
256
211
780
356
118
677
382
503
335
566
104
574
665
636
844
947
67
950
396
444
603
79
494
887
255
874
902
30
125
907
659
381
117
790
88
586
819
821
88
153
739
544
78
755
179
273
701
246
574
448
41
528
879
535
415
133
760
668
162
884
574
172
616
43
962
55
980
780
876
68
284
614
611
713
368
141
337
420
386
911
867
427
790
745
313
556
877
424
224
390
659
149
562
627
191
523
681
171
654
556
590
937
169
552
649
888
692
337
307
430
247
174
208
37
270
520
592
499
295
167
888
953
316
801
579
506
675
612
28
328
167
969
616
688
872
616
575
564
953
234
345
199
407
552
587
28
423
531
526
717
697
766
21
12
918
952
870
593
563
897
920
81
218
888
120
89
503
47
4
455
280
348
6
38
899
592
65
673
122
943
741
171
60
114
182
977
65
51
921
979
300
193
411
517
80
883
605
582
929
609
389
208
956
394
245
207
337
661
231
459
955
972
629
366
85
162
695
501
213
615
831
864
807
241
380
238
123
984
172
403
944
560
610
252
305
206
458
641
219
688
451
173
11
431
539
447
593
585
947
157
199
777
20
358
370
399
947
844
734
118
247
678
29
208
929
333
766
738
326
984
777
776
508
788
207
398
586
799
982
533
307
533
661
326
890
382
724
836
578
809
306
176
486
686
735
766
19
500
855
696
835
632
471
695
771
677
444
356
827
426
240
-68
133
958
253
810
199
986
885
386
563
694
43
90
531
729
825
297
99
676
503
794
511
134
264
557
256
293
1000
964
471
425
555
956
734
807
765
284
793
650
22
707
343
64
797
873
144
973
521
242
648
24
387
510
509
651
66
117
295
66
80
765
842
634
720
928
793
837
211
937
486
584
995
180
1000
791
52
143
115
925
737
763
300
123
272
160
125
338
276
419
403
707
536
596
693
607
523
485
443
86
773
928
669
767
459
668
910
863
163
24
787
899
786
438
21
410
597
146
747
873
916
-75
501
579
451
448
271
58
971
107
852
56
879
780
76
998
590
96
907
452
610
282
238
508
420
675
880
829
624
377
927
496
293
779
426
743
226
49
152
196
507
4
603
386
135
31
735
724
478
641
176
87
274
765
594
693
440
825
521
415
202
799
910
494
577
687
588
803
87
740
350
594
743
305
331
229
687
65
952
164
57
127
250
330
244
195
23
683
371
895
449
572
694
358
65
622
396
653
776
483
744
478
76
838
134
406
66
820
822
17
335
878
496
936
207
739
482
581
773
852
476
221
424
521
930
840
494
677
492
270
159
587
99
586
424
232
343
489
51
164
858
737
41
705
672
248
443
153
180
567
4
655
139
779
527
68
619
21
96
462
642
255
49
740
192
472
-45
323
535
313
725
698
170
461
739
226
132
338
668
284
517
586
639
524
724
418
402
143
36
774
238
497
415
844
897
506
36
369
828
922
33
552
619
554
12
709
779
495
398
798
130
267
383
769
790
458
538
543
952
925
317
541
421
731
385
670
589
772
390
416
693
422
320
311
975
331
372
105
178
769
902
307
35
636
427
176
93
316
719
396
240
35
936
13
117
320
682
705
91
71
121
135
492
792
446
818
474
817
922
-45
651
937
823
310
324
810
88
499
902
404
569
649
643
955
584
7
72
904
688
128
346
110
600
481
601
391
278
770
865
446
691
515
734
865
176
57
674
264
556
927
667
476
927
661
431
511
668
502
766
707
629
463
817
229
943
769
619
572
539
835
369
581
350
103
798
877
159
823
140
66
102
158
542
28
819
972
538
838
825
655
544
805
118
712
385
412
833
356
-71
984
371
190
704
303
891
806
452
768
965
627
907
382
-16
728
65
923
107
235
246
997
72
422
651
967
227
120
31
611
532
863
318
867
585
508
570
239
398
376
691
517
692
669
424
425
396
840
348
854
426
945
850
849
367
853
167
945
972
197
907
503
59
225
721
995
732
291
234
481
18
276
998
61
944
773
485
691
964
184
544
389
129
746
237
847
950
755
791
921
952
49
776
362
273
496
357
356
138
942
189
507
217
538
919
512
310
756
202
625
939
97
365
419
194
953
265
143
707
407
416
658
808
191
372
80
38
728
788
528
669
976
386
237
513
305
748
174
-16
60
301
798
350
397
514
769
943
466
385
85
172
144
500
830
951
42
201
30
432
280
169
959
300
144
696
888
8
1000
635
533
411
935
682
761
683
195
881
625
660
265
62
832
408
913
13
358
955
565
740
386
196
260
696
495
404
391
382
763
743
368
296
153
654
977
265
336
172
145
313
831
762
726
14
169
638
26
879
592
942
970
329
137
229
24
631
984
767
364
747
509
731
42
13
736
370
278
-14
424
541
774
736
724
535
461
737
56
450
115
286
42
56
607
370
545
835
746
527
171
512
891
917
372
973
310
384
709
31
13
484
572
139
219
647
673
31
735
80
832
849
365
873
257
971
595
801
158
692
327
328
203
569
596
926
894
257
309
954
287
674
437
210
812
7
856
836
37
943
916
868
143
632
93
399
955
39
551
464
730
230
791
284
150
738
209
43
346
517
996
632
542
432
842
-1
353
438
49
189
826
991
456
46
134
87
490
884
393
528
787
856
609
368
998
892
517
735
100
912
80
968
907
64
510
691
257
862
480
657
402
658
648
857
55
133
296
896
368
688
423
506
544
383
873
541
274
742
628
725
653
59
692
911
122
553
953
378
767
433
35
168
442
34
377
848
518
672
743
237
359
517
743
254
899
967
795
524
708
774
248
360
832
939
623
306
492
-48
575
683
258
359
69
777
800
454
153
999
323
176
741
560
887
609
654
140
507
620
286
30
680
59
277
391
243
568
13
548
411
588
582
20
298
651
148
98
456
301
448
779
828
189
690
714
797
343
854
656
314
491
37
345
550
666
736
792
233
748
339
995
687
272
14
985
922
161
434
730
813
881
860
993
421
549
706
570
243
911
225
908
402
613
253
303
278
988
94
862
87
784
856
126
55
221
462
329
382
247
410
546
479
269
538
900
169
596
821
411
858
397
318
259
9
922
561
287
261
6
148
348
141
356
825
548
576
286
228
309
884
637
207
362
905
96
613
73
691
433
835
549
829
504
159
190
426
72
828
686
77
975
385
570
682
561
117
258
846
344
566
81
332
772
443
236
868
55
660
910
840
846
458
20
349
969
209
126
40
36
812
116
363
548
37
44
109
153
653
306
848
219
387
179
342
181
766
561
235
777
471
426
622
280
446
971
248
6
96
287
42
259
755
756
159
791
151
267
296
804
924
495
374
662
26
715
842
791
276
429
920
98
854
541
377
651
863
977
657
311
615
50
569
369
805
727
512
307
345
159
462
621
653
835
282
30
902
476
821
177
904
740
626
109
632
2
760
495
978
768
805
593
817
725
313
973
804
176
279
148
686
741
120
691
927
402
720
828
229
892
4
132
983
981
592
615
983
703
109
312
470
265
256
286
989
921
610
792
448
241
292
134
981
411
824
907
164
-19
543
87
392
787
442
875
769
423
819
383
405
521
843
68
343
459
324
980
448
596
590
591
43
830
234
176
162
997
351
420
512
894
506
904
680
948
130
800
370
948
183
126
821
25
193
163
484
868
142
283
463
83
225
506
912
811
33
73
807
384
845
318
629
350
573
660
649
55
459
18
354
993
143
174
370
688
688
205
907
182
487
370
264
63
227
176
225
611
600
-68
31
994
444
701
974
146
625
985
794
679
444
164
33
436
306
558
805
345
246
9
252
427
847
973
42
262
551
217
486
161
169
869
507
964
569
832
109
545
817
255
224
612
418
608
47
75
165
204
772
762
564
23
188
763
347
230
376
897
798
861
409
318
81
267
634
1
99
94
546
915
348
121
526
765
728
924
192
892
479
963
654
395
337
193
509
683
774
884
931
924
96
691
241
177
958
874
529
56
968
74
322
667
194
199
784
273
474
975
517
305
937
170
699
625
714
559
307
840
442
589
763
889
279
3
417
236
229
946
643
548
371
316
214
917
514
349
189
340
323
705
644
611
226
342
235
292
900
893
131
693
481
893
933
760
247
350
347
827
647
990
374
17
305
940
933
171
288
474
510
963
178
153
925
756
846
160
47
97
52
529
789
885
421
721
996
19
422
342
846
68
683
571
85
340
862
369
862
502
842
371
464
372
875
388
479
72
899
877
168
303
405
308
539
-69
177
380
534
195
802
875
392
221
910
963
305
249
176
26
462
677
219
832
492
590
58
232
420
129
130
296
296
784
52
955
322
228
334
855
775
487
82
166
708
343
128
364
943
304
389
404
332
608
587
824
549
644
55
321
124
536
616
771
672
20
725
993
247
58
200
21
545
633
539
604
975
666
967
917
321
356
320
5
315
906
828
215
901
234
535
24
121
503
-59
794
792
522
518
137
120
927
688
493
823
320
31
426
646
48
393
562
721
100
233
725
766
490
552
980
390
137
515
413
257
369
558
401
890
427
889
361
353
928
853
528
599
883
305
244
283
49
157
3
148
741
727
265
230
278
245
971
766
111
735
22
479
292
774
720
718
14
432
422
941
285
949
539
519
254
782
801
302
290
803
802
30
529
66
611
158
662
581
923
772
315
297
602
606
422
673
675
436
105
97
376
741
397
267
259
2
400
412
304
690
214
457
71
95
522
682
604
536
262
527
659
929
175
261
886
596
285
561
31
741
9
759
481
757
25
740
759
424
503
414
465
716
870
536
162
743
217
766
278
830
644
937
758
170
549
996
765
185
556
148
926
916
258
406
672
282
497
430
57
999
843
522
67
64
57
580
807
625
345
436
806
340
724
916
509
272
911
274
457
818
773
734
733
30
139
756
663
988
186
71
338
380
592
404
444
1000
984
602
976
680
37
782
20
113
49
528
384
959
153
192
128
277
277
212
658
768
967
672
755
504
743
92
884
686
848
679
686
183
632
13
214
668
794
233
780
194
113
516
504
617
59
631
246
336
842
903
103
809
927
209
664
669
652
547
354
499
577
391
33
208
404
247
228
-69
549
831
359
743
943
226
246
912
285
229
157
972
70
411
426
230
337
634
894
357
285
792
711
136
369
101
168
928
504
766
155
405
597
514
147
891
91
744
802
375
972
310
698
42
73
123
623
409
108
868
766
745
660
828
880
380
928
399
307
784
165
814
188
113
679
686
3
769
429
157
496
401
466
193
794
538
668
768
299
775
636
416
519
647
243
750
26
522
501
684
657
665
849
196
129
527
881
131
648
662
287
143
62
753
335
207
642
354
974
940
129
609
707
999
255
949
101
632
823
601
668
479
617
516
675
745
395
907
875
42
568
162
184
629
266
870
187
259
224
161
551
704
121
257
702
728
558
154
711
380
754
378
858
370
246
532
114
640
439
341
681
6
854
216
987
119
85
173
729
660
685
279
363
806
888
417
885
445
570
595
824
324
325
681
45
570
565
511
209
355
851
241
712
704
456
698
174
892
223
902
552
259
533
914
416
420
682
300
864
252
895
687
927
571
719
971
140
283
481
700
989
683
940
701
386
747
398
911
638
972
165
189
231
697
455
646
468
488
298
683
739
544
721
665
114
439
988
253
74
820
952
62
503
891
762
240
989
512
151
626
835
667
167
65
715
973
63
182
460
712
864
199
255
936
215
368
374
554
620
799
374
923
213
876
165
974
115
153
837
617
778
672
283
296
88
997
268
502
178
728
213
393
278
467
680
844
186
54
398
805
204
123
79
416
998
243
742
464
395
930
81
525
601
715
172
41
712
440
894
241
519
459
986
148
925
665
991
111
70
740
267
274
862
698
41
211
940
782
675
687
712
107
563
664
821
734
56
884
173
302
477
43
760
462
190
684
126
181
146
548
920
765
173
134
462
213
344
753
347
18
439
410
476
1
425
649
735
481
532
259
134
8
654
893
821
843
928
299
375
426
846
647
190
18
780
3
582
123
755
928
493
194
337
320
546
762
968
632
594
852
243
727
211
896
619
32
738
898
330
113
323
527
111
512
896
890
514
477
364
621
405
856
166
93
528
711
854
495
695
799
698
937
525
909
832
495
292
921
393
973
385
715
499
495
579
746
736
444
222
100
64
978
307
229
71
834
292
276
681
986
75
378
922
951
286
105
446
929
25
190
901
762
904
399
256
834
144
344
278
718
443
693
695
101
922
765
935
565
41
967
550
467
344
823
417
982
927
862
910
303
403
811
416
659
561
24
492
57
367
121
126
809
814
820
261
87
937
195
651
329
513
552
795
857
374
563
190
652
777
451
306
179
613
722
837
526
745
-57
681
934
111
801
59
271
614
230
531
700
166
78
702
846
590
253
992
798
626
555
987
629
331
790
935
861
402
8
698
279
752
730
212
214
530
270
836
496
500
718
547
17
795
249
863
737
501
206
534
479
760
873
459
442
14
393
655
767
400
704
46
503
433
257
716
962
527
903
457
26
621
4
394
767
252
256
503
104
814
389
934
925
613
393
719
626
137
373
392
537
76
437
391
508
694
459
469
572
361
278
949
981
633
342
100
884
950
602
339
763
342
625
39
954
17
757
931
153
129
675
41
204
111
432
711
156
890
532
79
602
161
27
935
793
721
34
28
670
987
366
784
329
990
822
634
358
579
917
863
59
591
903
263
53
686
325
561
575
856
639
529
16
666
463
808
738
496
835
759
482
553
542
162
894
715
148
252
645
64
114
704
654
368
318
706
54
642
266
980
850
257
508
217
274
970
377
11
465
563
769
299
115
662
812
361
376
959
964
373
22
429
428
675
796
745
733
849
386
350
181
235
606
688
804
879
658
180
241
474
742
9
124
209
670
936
569
398
894
532
122
268
960
549
942
107
293
26
308
30
728
488
617
333
175
420
564
184
599
804
10
340
165
133
900
186
420
468
935
666
351
56
933
662
604
226
769
248
252
76
278
331
563
246
15
89
665
930
273
263
734
282
954
250
766
854
435
538
673
370
203
24
777
135
685
733
360
453
980
963
880
609
293
442
854
660
883
870
589
155
132
674
788
438
923
905
643
710
442
315
431
996
338
207
130
375
291
842
827
623
156
59
231
801
852
437
460
734
306
48
240
790
74
379
579
996
636
221
57
77
887
487
425
225
46
906
951
336
747
777
958
255
187
541
55
39
329
866
772
986
265
364
127
338
742
705
686
377
277
742
806
164
229
230
740
626
135
690
961
234
818
271
488
5
811
894
43
139
759
166
124
375
529
603
713
271
307
398
999
584
491
804
747
71
385
486
696
520
527
657
105
344
279
592
348
89
837
390
579
947
908
54
321
436
656
385
58
315
134
57
898
625
212
996
695
597
833
391
468
359
399
572
702
677
515
50
117
351
791
695
297
50
100
617
838
756
2
895
70
135
303
319
111
867
666
806
463
498
548
282
208
946
853
909
622
367
310
738
717
453
784
365
854
883
981
691
990
334
586
411
821
240
81
931
106
746
88
920
595
635
201
802
580
405
63
553
123
724
642
191
528
777
555
382
12
888
72
1
573
9
764
393
601
844
676
706
942
763
978
536
750
530
338
681
935
752
234
57
475
227
248
3
4
154
384
15
41
807
367
614
816
482
358
416
678
33
473
619
148
802
154
897
332
843
577
266
594
162
674
69
389
921
423
744
427
806
110
467
964
828
432
779
310
790
546
987
174
371
957
321
172
110
569
503
305
498
120
898
659
794
966
399
66
740
494
492
545
955
959
509
783
742
639
444
531
537
782
705
907
738
377
430
199
946
933
503
795
404
401
805
197
718
204
263
458
49
754
354
4
64
214
138
806
205
581
688
93
714
744
999
451
121
780
1
418
64
856
212
468
256
16
664
325
571
278
134
620
32
840
975
447
405
112
604
961
44
644
53
757
387
403
559
507
183
911
924
246
766
487
713
373
503
729
698
73
6
183
44
389
374
370
188
779
481
143
739
876
786
792
984
173
194
542
31
728
453
307
974
570
793
38
943
647
118
992
720
124
174
115
864
900
485
51
678
317
194
768
193
979
911
176
503
457
70
886
184
874
192
509
443
336
899
737
983
16
728
702
491
902
168
355
801
652
757
830
321
302
949
513
633
212
40
135
668
461
20
203
686
563
64
481
899
314
217
881
681
945
934
172
198
101
878
998
105
986
179
425
288
479
289
920
690
680
406
709
141
426
264
826
340
327
306
238
992
523
118
672
819
403
195
16
504
72
13
960
58
543
736
345
21
24
616
63
703
21
771
195
446
34
21
138
712
678
375
55
552
845
727
370
247
921
385
102
345
749
61
754
643
796
450
16
171
65
78
874
85
200
420
883
586
792
20
649
470
394
704
373
238
782
743
837
54
479
938
398
580
999
503
222
146
952
237
317
16
666
542
101
866
961
983
803
753
354
451
574
747
506
946
337
287
40
173
693
871
462
442
450
460
945
671
958
896
260
626
912
925
519
364
142
831
698
944
935
51
747
508
149
252
806
837
891
197
9
583
419
471
24
868
282
968
891
591
216
150
216
479
426
86
842
920
917
891
215
851
293
961
711
441
565
868
278
455
416
638
389
835
460
412
702
94
732
944
684
299
445
252
777
871
337
970
142
605
860
356
456
504
317
518
944
881
385
573
335
152
563
723
986
22
486
40
115
569
983
151
867
780
402
-6
643
650
90
964
143
695
175
498
150
678
814
19
974
46
755
546
732
906
460
806
892
482
292
283
948
860
617
450
79
396
851
721
397
941
685
539
987
859
389
488
889
202
506
862
248
260
759
979
165
219
137
408
52
428
42
999
639
11
801
717
406
651
790
155
943
826
45
281
36
433
768
924
987
273
785
586
884
544
916
49
762
52
808
165
479
202
515
470
212
315
538
617
318
327
123
260
504
168
893
540
952
660
815
938
933
952
523
816
495
439
216
608
490
376
772
321
577
638
142
788
953
679
756
270
358
879
881
861
398
773
752
701
433
919
639
717
870
513
884
364
303
452
323
145
827
446
817
403
83
958
190
35
636
297
656
345
175
537
558
924
661
309
625
445
227
615
161
96
479
397
811
782
848
485
926
674
930
742
428
365
51
969
751
38
265
407
383
792
295
940
715
955
600
691
752
179
657
264
626
136
660
789
917
859
273
194
532
555
287
311
919
337
279
669
374
896
427
756
687
721
47
753
28
999
796
779
177
452
42
802
587
54
590
855
912
215
48
796
769
686
106
687
22
737
707
748
984
134
503
670
206
902
774
233
900
569
363
76
373
757
229
959
162
171
166
73
737
565
220
505
251
678
543
272
414
249
19
397
734
874
418
292
127
543
876
26
464
239
453
836
347
33
146
508
203
311
932
939
876
152
795
126
829
337
749
594
938
120
342
23
993
759
314
119
653
190
496
116
780
948
951
478
980
97
985
535
407
916
825
282
67
620
759
247
308
508
840
597
627
181
620
971
291
285
441
944
474
936
59
605
235
10
82
566
458
418
100
864
334
925
498
752
896
608
999
203
467
190
800
445
371
771
415
661
55
207
604
881
494
15
485
728
376
567
646
833
336
745
48
669
21
897
773
916
505
123
471
971
312
270
416
34
40
182
695
94
389
650
326
234
664
811
962
39
729
959
871
64
703
919
85
76
815
857
343
671
331
813
994
994
82
409
28
473
942
722
919
330
371
244
564
387
406
877
425
134
835
648
550
889
566
634
964
732
842
307
755
524
471
748
517
553
508
544
377
449
265
295
779
988
891
694
374
296
922
798
782
108
445
331
996
362
316
312
446
157
970
552
32
440
299
548
344
806
92
721
254
708
367
384
695
257
77
420
553
350
570
334
457
366
16
805
80
331
116
525
839
437
428
870
228
726
417
572
883
860
644
136
568
10
872
614
619
300
386
171
650
955
856
106
672
871
910
751
553
377
627
391
813
54
612
41
779
28
964
661
240
607
149
159
968
20
124
586
319
509
108
320
815
315
426
487
185
687
237
89
64
864
479
228
917
90
620
48
470
583
60
61
541
560
219
509
931
342
94
602
203
202
921
369
516
698
855
53
385
92
493
800
307
972
379
575
413
999
974
234
933
34
294
474
945
864
982
876
558
75
477
112
628
397
480
496
95
335
900
831
778
392
630
436
715
360
10
480
358
984
713
291
369
359
764
313
574
745
540
483
171
16
594
151
765
74
646
859
760
897
41
889
288
22
324
3
381
685
834
739
20
546
381
388
256
496
53
182
592
944
664
762
960
258
264
724
683
261
934
794
157
974
682
445
347
5
799
727
41
632
817
61
529
197
800
137
692
852
318
635
148
333
749
107
942
12
182
624
273
467
417
429
792
450
225
138
806
375
864
847
6
681
907
887
229
706
375
273
910
44
907
57
376
655
515
318
19
48
293
291
514
62
719
657
511
296
794
317
670
9
163
676
41
421
914
622
126
640
894
387
683
152
443
58
159
309
727
177
356
20
467
869
81
537
525
943
832
670
259
502
31
773
529
71
193
442
692
319
433
937
705
115
89
500
172
247
808
251
423
164
270
241
384
702
777
261
644
609
282
903
110
312
675
990
735
220
783
426
538
215
363
594
329
803
445
852
401
605
102
175
120
723
415
503
424
191
115
68
151
397
322
612
60
348
601
794
567
383
572
456
597
286
402
277
88
846
129
488
450
582
14
569
305
428
424
80
618
890
147
121
638
-8
468
732
698
168
333
491
734
67
414
190
16
699
591
644
786
788
772
625
238
706
638
158
362
417
933
441
387
823
588
507
460
407
238
509
926
922
1000
660
341
413
201
356
464
791
999
601
930
123
578
167
180
215
677
541
984
609
981
370
783
920
876
243
679
465
751
604
739
102
615
79
867
815
786
330
957
136
930
887
610
507
405
789
74
81
681
409
42
14
778
824
933
5
418
963
821
521
567
559
974
533
989
840
348
774
521
304
262
803
190
871
661
947
12
86
27
692
494
420
57
623
596
990
627
13
304
448
885
222
358
859
755
347
698
102
120
571
757
381
725
299
604
385
245
615
823
623
658
316
43
715
291
638
56
917
2
359
716
887
581
74
745
335
420
794
788
891
716
544
624
440
842
227
825
438
841
647
61
850
314
103
564
604
92
619
873
93
978
588
331
910
13
427
596
784
221
735
675
288
630
650
728
824
876
552
261
68
550
321
917
215
423
481
819
866
451
43
959
428
982
641
689
995
68
636
130
640
370
156
927
1000
805
654
823
680
557
83
747
106
756
664
673
178
496
843
44
946
885
354
726
866
994
414
212
61
402
342
52
771
497
979
122
302
632
944
981
189
379
80
646
134
743
318
663
590
160
58
535
396
763
260
262
109
26
473
169
427
166
221
549
663
551
671
316
182
966
296
722
344
727
368
829
821
37
844
410
549
253
945
296
16
556
557
124
581
382
644
359
547
216
908
561
766
578
876
948
543
524
21
239
-4
250
740
419
423
777
262
832
677
515
128
972
530
684
881
5
264
614
648
623
512
864
530
73
981
459
300
280
1
175
301
591
425
40
10
847
168
271
30
196
137
158
520
18
841
400
22
456
365
670
430
876
885
311
948
217
769
600
497
122
774
149
712
550
188
721
748
708
344
778
903
480
935
422
498
127
173
871
582
537
892
364
413
776
674
712
345
443
311
841
564
85
989
275
986
528
348
734
235
691
511
490
170
797
263
19
275
436
890
208
324
781
571
88
909
245
800
253
-69
39
462
445
602
898
785
228
884
312
575
617
899
617
479
740
139
275
2
157
901
789
398
108
113
531
679
200
439
275
351
43
313
813
487
266
710
623
493
593
286
420
561
184
388
39
275
526
665
277
35
565
65
432
673
529
962
351
729
752
977
79
794
289
243
632
554
953
254
398
897
540
817
458
75
205
496
350
82
161
626
116
725
42
900
749
571
213
451
651
317
427
81
110
715
324
742
620
276
347
18
172
886
186
981
313
742
477
662
824
989
639
291
65
680
542
814
602
755
616
252
71
43
333
532
109
656
625
729
283
972
746
454
209
283
787
521
25
615
534
200
603
172
490
19
852
32
184
453
138
800
57
560
842
389
443
302
44
420
30
678
743
127
483
951
410
269
824
434
883
357
633
485
881
474
856
732
857
39
536
346
838
592
257
31
332
700
333
727
119
714
404
861
841
887
163
602
155
338
35
390
47
19
226
927
844
81
10
701
120
545
398
309
489
655
340
172
706
24
899
176
737
654
388
929
892
550
530
399
240
916
788
286
286
13
212
130
94
221
182
565
117
579
873
957
585
564
129
290
587
379
817
676
384
204
956
276
106
486
674
345
753
461
630
39
825
841
520
918
61
701
482
529
631
707
486
216
270
966
857
209
696
674
884
79
877
839
706
982
676
731
326
429
543
955
819
368
147
338
637
559
38
471
88
668
-21
177
925
235
446
890
92
6
585
765
889
15
993
80
73
975
107
803
652
887
346
959
705
65
105
42
701
664
431
171
103
99
699
27
685
497
916
776
502
852
892
391
218
885
822
290
211
928
445
214
815
790
172
871
854
629
913
906
292
343
77
394
793
775
420
478
271
687
605
125
890
497
515
107
733
688
749
295
967
193
508
133
334
32
4
187
660
268
444
303
962
520
696
755
647
467
584
269
505
188
393
394
36
259
852
120
298
600
414
265
144
274
749
477
305
752
15
964
371
459
266
333
330
313
439
976
131
22
597
635
561
341
28
949
600
231
68
897
831
834
513
974
107
262
803
411
365
817
726
736
627
991
68
957
303
506
284
785
527
880
419
439
221
798
387
172
28
807
420
210
640
933
536
98
194
338
508
558
506
585
645
133
575
712
89
229
217
724
13
95
604
431
886
176
580
624
699
607
430
118
817
421
402
352
518
595
689
377
505
546
961
149
678
887
213
118
115
781
842
479
876
797
261
113
972
840
736
22
799
518
139
615
938
541
318
808
487
358
184
343
903
497
844
581
383
56
698
850
836
539
680
63
335
941
175
658
132
911
31
930
780
522
896
717
62
213
524
900
570
60
595
473
908
438
405
290
845
454
491
32
993
171
95
679
463
621
689
594
883
719
524
662
240
771
731
653
984
606
905
905
665
499
729
572
288
133
214
484
587
704
515
931
226
961
961
688
582
649
282
816
720
157
478
311
927
208
964
262
813
220
167
830
718
247
753
357
380
318
840
318
374
706
248
599
667
560
639
600
209
920
415
280
428
244
590
706
451
553
320
616
772
838
797
841
-70
84
549
549
815
867
388
132
592
94
731
190
112
291
828
711
851
99
125
130
878
369
719
936
171
624
255
138
747
444
934
588
527
835
488
342
53
228
825
644
673
556
185
784
846
13
494
696
463
970
825
341
338
895
276
509
518
882
998
265
325
932
204
203
118
691
544
170
918
721
165
590
276
349
725
473
361
218
168
176
188
344
516
877
238
143
737
108
376
735
372
52
18
575
254
135
617
150
656
535
870
172
476
145
520
201
617
233
770
136
408
309
831
275
538
420
769
274
527
144
360
250
195
377
824
448
863
793
949
870
679
818
393
154
314
913
706
282
497
828
417
256
488
599
530
25
19
650
651
897
793
10
147
987
739
322
786
953
114
735
175
792
904
567
298
218
831
355
499
327
534
268
582
374
218
463
398
236
112
400
485
256
410
983
594
500
304
732
804
770
818
978
913
721
545
562
938
727
-32
269
789
54
154
408
987
527
625
802
277
213
265
676
697
521
85
679
466
936
334
197
740
103
14
717
368
735
613
929
24
340
197
164
745
351
571
83
229
196
884
505
408
149
181
456
21
617
486
486
553
819
35
644
274
48
712
641
134
325
921
510
16
470
25
760
172
596
842
400
143
78
905
902
578
85
709
598
53
194
435
605
364
821
600
637
221
312
629
706
636
-50
550
215
3
19
240
114
190
187
955
589
681
384
493
934
961
929
642
910
982
835
345
938
198
517
890
187
737
201
815
443
188
364
9
190
382
600
303
923
786
609
512
818
993
356
751
953
637
392
863
970
578
559
259
128
75
148
314
812
348
128
606
535
492
614
-7
76
225
214
730
148
-80
351
339
11
169
683
718
919
987
706
663
849
675
592
759
934
719
186
81
32
997
781
160
954
667
3
567
743
579
780
472
78
131
162
440
651
196
158
921
183
863
583
31
890
175
142
175
893
327
255
277
675
387
788
628
54
142
194
148
720
326
971
150
456
485
589
458
680
98
378
862
313
961
893
202
487
34
376
731
712
982
7
386
369
146
13
774
287
206
921
359
531
243
508
338
727
448
795
407
546
173
268
858
485
512
411
323
897
138
405
608
119
764
993
839
909
5
964
196
563
884
906
445
479
413
135
205
860
929
611
757
453
231
966
289
742
376
963
639
513
368
246
984
131
239
174
39
595
138
586
157
373
491
954
851
255
88
56
115
368
18
223
173
248
189
461
342
916
424
980
781
143
577
116
273
815
289
311
762
426
249
270
799
739
223
1
994
310
408
460
30
778
34
202
377
222
662
718
490
437
697
270
579
274
385
203
440
673
866
553
451
114
823
601
204
45
953
197
707
361
8
736
138
42
937
514
615
950
584
104
739
280
725
669
905
109
872
345
134
737
249
936
202
71
536
405
468
488
954
174
200
961
261
689
354
549
555
969
850
138
424
940
417
149
961
674
609
184
370
742
272
618
677
473
689
564
877
156
404
830
681
603
143
293
292
848
841
846
168
42
983
592
982
751
92
942
424
700
125
793
794
396
411
470
220
451
386
96
958
789
278
638
391
772
930
682
619
122
879
787
163
213
730
496
964
821
437
739
520
913
884
313
660
646
135
879
96
520
327
53
308
604
42
50
727
971
84
345
92
314
483
606
527
212
102
842
384
890
580
256
155
-70
463
920
166
460
54
45
555
925
723
959
584
678
1000
986
404
970
69
748
413
382
583
371
908
794
472
749
530
713
681
785
867
495
704
33
955
110
429
861
34
151
820
970
828
819
955
583
141
23
330
905
756
264
275
16
58
98
116
587
811
796
723
29
643
426
413
597
535
193
457
921
695
276
890
874
447
844
456
587
218
138
491
325
401
118
340
458
215
456
396
377
603
118
758
245
896
170
841
430
715
650
350
409
277
591
283
723
786
90
661
3
227
504
328
628
621
19
437
187
474
185
564
77
654
321
321
549
842
514
331
908
163
32
317
439
623
951
514
760
392
174
115
619
677
794
598
297
812
34
484
286
570
399
714
224
719
386
124
912
899
454
820
413
838
488
204
460
790
717
219
181
890
685
151
567
478
748
215
290
134
50
927
703
448
640
278
518
25
402
430
276
207
601
688
44
440
891
855
581
959
426
761
849
110
264
767
588
11
981
877
144
31
803
199
478
794
476
996
818
877
777
445
436
729
485
479
520
375
334
100
334
111
212
534
220
475
300
159
838
280
35
981
662
189
179
140
982
7
487
152
235
615
596
670
695
80
149
566
807
834
665
492
296
228
377
515
55
676
26
892
307
60
224
969
601
403
460
582
761
298
85
995
264
681
665
958
112
165
875
270
350
539
113
645
118
489
511
172
516
536
415
175
948
639
143
548
393
954
481
153
251
566
147
514
598
163
823
61
327
697
331
28
587
795
672
56
636
535
580
503
422
994
677
369
984
819
268
376
124
749
880
374
314
379
239
263
541
413
323
220
461
5
247
399
800
271
455
787
157
386
289
578
379
966
299
715
136
566
442
612
666
322
985
979
700
576
241
592
340
916
163
801
920
762
551
71
32
5
857
540
390
498
117
121
815
767
187
302
685
628
913
350
949
250
329
1000
825
921
944
516
836
106
316
108
867
867
178
250
223
387
789
965
884
258
437
698
24
623
351
708
250
264
58
551
513
738
550
689
10
845
204
198
951
872
305
169
-17
90
482
419
312
868
559
628
103
816
64
152
192
38
503
251
288
766
660
838
630
749
739
670
759
936
873
956
238
96
612
406
185
93
176
497
313
735
476
415
902
540
567
93
577
421
696
216
538
355
405
519
104
496
188
214
431
412
521
668
508
132
73
692
576
601
540
888
335
16
655
236
555
573
681
483
993
376
699
882
730
103
400
185
950
587
398
380
998
918
47
505
49
472
549
625
72
88
864
758
103
518
993
9
90
673
844
434
48
542
315
130
996
714
314
946
300
64
677
650
981
724
154
30
547
702
6
970
142
869
727
244
739
719
605
180
744
448
614
143
341
280
272
688
346
938
985
997
1
662
646
981
737
152
362
635
205
719
604
346
940
330
942
678
400
546
857
143
345
822
286
685
454
909
372
799
198
709
795
550
370
441
531
458
944
244
92
148
315
695
494
254
376
435
931
775
332
139
270
676
961
555
360
414
815
83
-50
564
365
143
358
914
512
150
796
321
93
40
412
593
706
458
86
959
185
872
889
960
203
27
229
878
339
135
589
104
301
23
667
665
166
377
579
29
526
374
350
971
765
113
563
470
923
1000
780
107
871
668
418
425
47
646
302
385
132
242
489
785
264
507
449
781
883
379
810
409
105
511
731
221
623
645
43
545
644
822
4
866
842
421
290
888
419
943
272
902
536
112
686
799
619
487
932
501
217
741
261
321
251
991
894
225
987
936
122
982
109
125
847
950
897
488
837
315
782
461
569
317
572
606
468
190
92
399
43
309
139
303
981
741
646
874
965
984
161
-30
86
966
622
210
812
571
107
652
408
773
433
220
693
750
791
299
217
333
390
615
727
50
105
381
383
845
378
608
809
362
769
895
327
390
456
490
312
914
141
71
39
926
290
731
675
433
29
243
765
771
857
843
172
313
223
554
157
601
162
965
314
282
211
640
671
19
481
334
932
974
405
970
899
694
53
573
126
433
167
242
555
23
84
727
335
659
632
843
259
793
159
924
74
370
563
96
388
395
782
671
368
186
993
266
879
45
190
357
829
708
950
384
730
386
462
416
44
93
258
654
886
417
577
311
138
491
759
877
885
540
547
605
725
539
870
955
935
412
663
764
119
613
147
201
350
608
968
393
52
578
398
289
346
974
600
483
464
710
711
700
249
257
304
325
148
526
631
434
289
646
197
759
610
695
959
959
654
279
351
706
856
748
994
201
73
945
35
888
654
745
587
254
353
891
930
852
768
913
286
56
558
482
814
167
529
125
125
182
403
827
239
610
926
585
162
998
529
196
885
535
292
471
140
996
713
422
848
480
334
485
535
243
318
701
761
846
825
237
380
579
63
970
188
340
554
349
337
435
896
573
321
539
43
460
534
108
233
733
939
918
217
474
160
535
526
272
732
702
508
111
280
922
433
819
261
986
519
949
772
766
521
92
304
916
904
189
23
136
922
961
54
490
786
565
376
663
837
108
364
696
570
643
970
2
813
582
340
331
531
111
96
403
203
751
670
458
940
44
593
213
5
998
54
142
563
430
157
751
889
520
446
810
515
415
164
327
349
503
658
879
965
105
633
519
856
303
976
147
346
569
359
702
566
764
196
480
193
352
230
-17
433
871
676
243
385
442
406
712
790
260
721
20
224
177
653
743
32
307
718
530
652
638
888
706
204
652
901
683
196
604
913
629
474
940
223
211
733
628
274
523
239
994
894
462
522
546
204
554
204
922
83
208
559
323
913
114
326
165
149
873
768
413
501
593
352
75
803
84
54
76
958
292
421
852
754
943
749
957
848
953
230
930
512
141
604
424
606
281
940
754
154
707
166
6
299
869
81
102
305
486
529
262
778
950
465
531
892
214
839
739
518
421
20
29
913
976
804
518
256
743
272
761
449
789
767
99
10
199
552
314
684
81
927
461
30
392
343
273
957
534
363
474
954
382
502
218
709
305
735
965
47
358
77
847
499
-75
843
297
508
41
849
821
-77
725
929
747
537
310
490
880
582
446
413
944
919
718
677
772
287
386
428
21
702
826
731
778
24
229
973
321
736
13
169
556
89
97
654
626
406
496
857
339
941
621
634
212
690
310
983
976
47
763
996
100
588
78
230
612
306
202
932
41
566
100
948
655
548
954
632
305
449
840
643
741
460
276
952
149
937
287
124
984
49
471
83
988
549
664
599
206
865
882
247
431
333
546
437
880
851
420
536
299
259
178
40
70
805
343
570
742
629
45
77
29
515
511
17
415
175
967
973
39
849
571
821
533
116
609
765
967
28
300
617
638
478
8
707
634
703
276
375
331
320
451
712
187
962
728
953
488
46
925
526
246
495
699
779
963
307
543
281
687
842
897
676
671
257
735
305
959
362
31
641
34
482
352
572
795
431
524
282
477
801
159
722
647
209
852
609
868
394
241
906
236
490
581
258
746
667
562
56
29
593
696
62
426
400
985
572
182
508
205
10
660
715
84
307
924
935
267
143
329
508
48
916
997
980
173
94
647
87
149
27
679
196
440
456
947
424
379
129
283
583
138
943
649
221
601
924
156
867
66
836
726
465
751
74
445
275
519
443
361
19
821
391
215
260
846
161
35
576
641
317
510
779
611
159
351
211
434
506
78
500
693
155
316
443
229
112
718
747
554
430
766
726
821
332
337
18
844
371
594
485
688
103
615
298
613
965
861
47
823
938
898
867
444
213
310
24
325
379
123
230
808
240
956
980
571
292
998
766
15
591
602
54
45
216
703
10
533
563
56
707
852
953
573
296
517
234
319
841
964
441
71
772
680
378
751
602
21
100
368
35
42
969
88
87
537
791
96
421
353
503
479
205
807
403
852
323
637
170
164
600
963
586
723
994
963
826
948
335
925
315
370
967
635
457
405
523
599
852
295
304
354
773
860
512
528
711
834
164
232
349
115
546
934
190
540
248
15
487
583
291
153
952
257
139
760
13
14
711
864
660
14
569
785
873
432
312
935
266
475
166
614
941
712
900
130
603
147
496
441
729
787
945
32
395
435
144
408
448
854
623
460
219
544
244
443
975
555
377
240
381
894
206
321
957
105
803
911
251
298
351
332
436
647
715
831
82
858
590
881
63
564
340
633
107
583
75
434
137
803
25
869
697
230
190
5
686
344
916
289
641
618
620
77
265
334
259
698
544
200
930
958
763
270
591
222
204
17
655
693
820
679
561
868
261
102
872
946
445
139
234
438
757
205
514
373
891
124
422
786
323
351
743
85
972
333
306
176
702
312
220
521
991
132
740
603
234
611
548
30
102
134
467
858
338
332
582
228
455
3
13
129
353
108
566
325
792
871
852
493
535
423
365
525
554
104
127
787
67
26
169
168
159
635
377
849
967
958
76
421
960
441
902
664
548
467
340
691
689
191
184
223
-27
613
548
99
519
652
577
657
718
603
825
237
113
460
613
961
426
570
389
198
881
829
99
896
728
917
236
770
606
778
953
828
391
853
279
261
504
855
917
573
809
742
809
922
201
421
882
978
342
622
527
222
802
626
469
529
542
704
299
499
482
603
679
224
455
957
484
310
811
400
882
620
141
-48
42
541
693
814
774
670
155
396
549
728
197
174
197
78
67
252
728
918
733
682
596
956
137
552
439
798
714
191
680
333
331
73
225
376
887
351
397
393
98
945
473
294
470
21
723
889
272
802
806
5
484
753
312
972
304
103
769
17
293
800
702
975
225
278
350
111
628
99
855
725
395
327
371
865
699
445
753
971
599
910
327
82
662
638
405
317
740
173
685
384
325
738
359
549
16
60
11
995
510
865
72
905
544
794
769
242
238
873
564
836
134
890
269
147
880
25
463
971
198
499
355
874
237
65
422
252
476
432
598
986
648
669
890
543
462
10
137
52
234
700
239
367
590
508
865
821
884
327
791
433
825
145
306
413
561
79
664
37
862
614
22
510
282
263
404
96
272
540
147
-19
857
240
385
575
181
244
439
1
128
117
143
560
941
640
218
706
200
296
721
236
158
334
609
19
616
871
422
711
494
962
209
350
553
593
924
733
189
362
85
316
478
227
227
771
866
444
476
66
740
196
653
249
882
262
267
497
484
688
559
978
649
767
327
201
711
603
285
899
964
721
566
794
948
793
916
165
588
743
582
327
290
235
927
171
848
193
667
331
881
577
660
881
343
339
434
54
941
70
304
256
791
870
49
738
662
316
902
249
58
836
928
348
70
854
518
269
399
537
951
279
113
611
511
808
949
296
213
889
366
516
144
156
385
545
245
398
860
498
999
918
333
278
617
754
483
134
22
881
22
973
159
135
935
22
294
235
317
506
123
682
21
618
189
758
514
433
155
374
931
505
643
263
782
259
369
265
744
390
145
766
714
656
252
1000
29
897
234
345
402
708
379
-57
774
326
567
883
191
352
390
916
282
894
558
896
676
168
264
292
264
6
788
381
71
443
984
71
471
880
304
168
633
12
546
758
689
464
641
879
815
30
795
96
275
704
344
302
224
959
593
487
964
381
867
35
175
850
105
646
81
760
165
713
771
710
470
811
173
462
42
340
491
188
435
766
891
130
419
466
89
12
304
404
744
522
790
918
723
894
915
803
6
431
515
128
140
337
939
665
798
980
356
641
167
142
758
409
272
176
227
712
539
530
115
634
52
905
904
774
150
170
577
155
601
443
283
92
131
573
108
281
552
463
921
70
605
30
830
876
205
56
587
96
938
53
729
989
957
632
762
459
802
690
613
402
485
247
493
967
819
953
247
722
415
167
791
19
196
973
894
753
380
832
848
317
885
928
305
193
560
419
651
713
460
616
466
944
862
310
263
33
262
509
754
677
28
897
695
575
869
941
327
248
772
526
565
8
454
221
553
365
639
203
77
451
818
542
746
32
851
8
64
465
517
817
141
896
65
835
470
285
127
797
885
251
674
449
258
479
21
162
843
12
365
271
462
534
164
207
565
367
567
980
831
83
149
971
978
213
157
799
498
284
595
382
886
621
182
143
99
202
657
294
565
21
564
26
906
728
585
471
94
151
450
924
585
598
246
914
163
402
712
12
37
659
393
922
279
926
417
729
479
73
22
44
445
938
421
350
665
357
820
110
507
622
33
443
571
630
356
85
31
420
96
420
78
840
341
708
765
757
788
596
181
810
991
625
747
411
975
763
768
146
872
626
767
256
421
690
885
128
774
267
547
222
686
976
61
379
683
178
487
471
773
668
632
763
292
730
525
-63
266
492
644
764
715
270
882
970
42
571
206
169
697
824
716
918
862
691
330
240
726
507
726
196
631
393
179
393
685
908
270
302
399
913
65
113
534
299
434
575
869
991
744
917
814
-13
811
186
675
501
516
266
578
374
992
773
5
736
303
749
772
210
18
426
608
931
842
72
464
140
857
391
9
-35
847
134
277
13
944
463
687
796
978
305
374
351
296
498
707
383
801
456
155
10
-71
473
580
970
403
421
393
219
561
250
961
921
96
94
197
108
389
11
147
536
988
451
261
691
98
759
397
480
911
852
986
272
677
565
593
431
338
986
649
898
587
609
170
682
54
366
142
794
377
640
330
716
442
590
758
539
700
155
370
610
358
356
234
34
272
826
465
609
163
465
858
749
426
27
783
831
745
924
625
473
915
954
540
356
895
298
246
595
804
967
556
513
322
789
547
946
967
363
906
129
179
764
878
604
142
660
435
238
935
411
710
849
716
602
556
610
899
801
556
54
119
464
566
441
604
464
738
570
178
643
51
357
406
928
312
900
939
98
137
225
508
199
73
223
800
980
185
50
132
92
103
250
907
20
42
511
484
779
432
13
422
482
721
179
761
33
78
51
130
567
275
990
765
699
564
564
678
748
613
809
192
67
411
98
86
452
608
921
231
392
934
4
225
654
534
986
38
612
36
168
178
311
509
294
9
72
857
39
172
821
199
363
887
609
460
972
413
420
245
995
811
178
998
35
183
531
372
221
494
760
740
23
422
600
316
430
671
524
820
842
344
19
204
582
979
16
554
391
787
798
385
597
327
734
983
861
617
707
433
462
466
524
837
887
123
152
668
146
28
840
987
723
858
543
305
188
910
210
579
696
359
315
644
685
49
978
897
665
684
682
478
501
205
314
387
680
818
407
177
845
246
163
567
455
57
223
642
966
432
572
661
790
887
656
826
287
634
-15
723
303
317
756
780
818
312
94
556
991
911
314
167
107
559
682
673
13
90
248
7
56
679
930
68
469
816
76
294
102
709
368
404
377
123
536
194
787
629
102
777
539
415
296
645
326
329
669
690
418
916
696
825
947
626
245
415
793
320
60
247
28
780
2
404
902
537
950
40
165
403
169
55
817
464
51
494
144
72
184
913
339
231
738
285
856
334
699
1
5
111
247
32
890
248
787
143
137
88
183
653
490
351
708
659
166
110
152
309
181
335
573
872
918
662
156
773
995
207
125
999
317
371
382
206
971
169
348
107
608
882
759
98
232
818
108
749
280
611
57
460
298
630
683
215
291
839
339
638
45
464
636
713
186
370
918
508
890
617
966
497
851
77
946
82
246
53
831
525
16
239
337
313
220
19
527
863
857
865
500
253
680
487
965
866
856
882
725
97
851
691
594
701
767
891
134
12
296
316
537
311
555
873
623
126
891
501
988
100
365
839
352
397
678
317
614
885
550
338
982
752
28
927
804
146
817
938
510
112
253
398
422
159
622
396
637
864
896
976
963
613
815
667
9
844
983
622
728
884
311
61
988
691
987
791
836
804
728
697
267
333
94
689
843
715
436
831
579
332
807
893
296
621
559
656
816
893
629
543
129
939
956
116
629
942
906
817
97
986
513
364
670
959
404
864
673
839
695
603
522
501
848
169
473
406
824
288
651
452
182
779
743
137
894
371
79
151
539
527
136
52
890
157
10
645
21
34
836
715
989
709
215
836
878
687
593
701
326
243
505
507
373
247
644
266
969
74
769
508
600
904
911
842
413
272
486
433
305
321
147
645
30
713
480
259
751
73
959
76
315
815
934
40
61
577
305
30
2
425
537
602
681
447
443
93
718
280
525
374
601
671
19
982
735
850
240
485
922
550
912
589
365
845
628
777
774
284
806
775
709
694
728
389
492
522
481
561
802
5
935
754
27
305
87
113
154
678
597
428
227
860
16
943
704
995
72
829
278
877
956
338
923
35
726
414
557
558
327
710
914
613
463
940
917
901
404
422
578
1000
849
156
211
216
451
915
210
522
95
840
750
50
529
672
85
255
438
993
164
764
702
78
376
516
369
292
416
773
65
345
124
266
500
335
481
950
601
43
823
695
234
573
97
762
244
533
368
681
525
532
796
578
609
171
445
329
814
212
101
879
556
225
496
407
911
976
709
511
370
531
205
603
455
653
717
699
185
84
731
61
615
879
990
575
49
786
904
215
997
4
445
904
580
940
663
490
267
371
352
637
253
557
591
708
561
307
758
98
391
840
158
357
70
500
284
119
285
187
685
282
542
129
537
122
420
199
963
686
921
315
674
526
223
265
585
783
923
694
880
665
885
390
374
955
241
657
425
525
843
109
158
384
589
695
857
8
893
172
45
166
486
71
691
60
335
275
842
609
320
74
274
204
815
999
158
55
655
582
579
497
42
737
232
982
783
441
341
27
612
386
192
449
456
234
508
142
508
701
750
827
774
375
383
940
373
540
346
379
474
277
875
867
13
459
849
147
251
189
173
862
574
365
310
381
598
169
874
458
869
976
636
643
350
18
934
75
910
280
453
735
556
680
601
920
490
449
66
740
638
590
953
563
306
614
296
904
782
169
713
650
144
700
644
846
70
578
272
979
209
724
713
116
755
313
35
596
114
452
335
103
41
639
665
347
252
312
602
33
481
666
35
976
365
678
821
434
607
92
764
167
168
476
282
274
141
668
870
606
119
204
708
512
195
724
210
446
36
163
831
868
828
217
843
544
894
16
978
853
459
93
19
626
569
301
900
61
320
121
666
439
324
725
302
870
448
511
316
835
25
498
702
852
714
897
395
959
912
724
811
370
817
182
348
737
834
599
149
153
719
166
943
394
890
244
264
689
106
931
524
130
428
577
333
141
473
728
451
736
803
262
458
971
795
805
59
628
755
207
132
473
724
75
218
965
318
481
654
776
763
529
905
190
105
238
682
578
317
133
313
471
746
770
794
540
926
852
519
680
411
650
504
134
724
722
99
394
554
104
521
317
632
425
858
736
14
540
313
682
24
978
505
769
99
298
660
25
149
178
56
559
179
560
693
255
633
143
1000
538
246
520
206
877
944
64
964
310
955
629
343
978
606
847
746
56
144
757
80
293
286
136
851
464
47
895
718
31
389
717
568
986
588
774
214
532
189
178
193
143
806
535
120
763
382
217
818
525
325
250
169
610
737
372
73
135
618
143
165
7
211
84
992
799
209
206
682
397
735
874
891
540
760
362
654
493
578
823
370
902
424
538
863
160
261
936
294
879
430
810
237
640
894
228
790
102
785
471
851
519
696
741
410
808
103
415
300
32
238
21
286
661
559
148
173
171
435
818
49
864
628
285
856
521
865
645
974
1
116
176
520
163
269
281
970
723
696
622
754
285
642
391
297
552
891
821
723
325
639
123
541
266
760
396
138
624
40
463
976
507
639
495
22
907
128
991
629
175
964
734
459
606
125
107
157
15
928
879
691
566
2
231
183
113
626
672
88
18
134
63
876
772
910
897
30
37
240
658
211
203
744
21
160
220
127
317
234
406
547
924
323
900
507
505
12
484
176
99
501
